38 460
1 1
0 0 0 0 0 0 0 0 0 0 0 0 0 0 0 0 0 0 0 0 0 0 0 0 0 0 0 0 0 0 0 0 0 0 0 0 0 0 
3 6 0.000000 0
31 26 0.000000 0
11 32 0.000000 0
1 25 0.000000 0
8 35 0.000000 0
18 11 0.000000 0
18 1 0.000000 0
3 7 0.000000 0
16 8 0.000000 0
35 5 0.000000 0
29 24 0.000000 0
36 33 0.000000 0
22 7 0.000000 0
7 8 0.000000 0
15 33 0.000000 0
17 13 0.000000 0
20 31 0.000000 0
21 12 0.000000 0
12 28 0.000000 0
10 25 0.000000 0
10 33 0.000000 0
1 9 0.000000 0
12 31 0.000000 0
1 0 0.000000 0
32 15 0.000000 0
23 10 0.000000 0
2 30 0.000000 0
21 29 0.000000 0
24 20 0.000000 0
14 8 0.000000 0
8 18 0.000000 0
27 35 0.000000 0
3 9 0.000000 0
2 27 0.000000 0
25 21 0.000000 0
28 22 0.000000 0
37 25 0.000000 0
2 24 0.000000 0
18 26 0.000000 0
2 2 0.000000 0
27 11 0.000000 0
10 0 0.000000 0
1 19 0.000000 0
24 37 0.000000 0
24 24 0.000000 0
18 30 0.000000 0
22 30 0.000000 0
34 10 0.000000 0
0 28 0.000000 0
24 8 0.000000 0
18 14 0.000000 0
9 24 0.000000 0
35 25 0.000000 0
32 27 0.000000 0
19 14 0.000000 0
5 10 0.000000 0
13 32 0.000000 0
25 6 0.000000 0
22 7 0.000000 0
24 9 0.000000 0
7 6 0.000000 0
22 31 0.000000 0
32 28 0.000000 0
22 0 0.000000 0
12 19 0.000000 0
4 24 0.000000 0
4 16 0.000000 0
35 3 0.000000 0
16 25 0.000000 0
25 28 0.000000 0
21 35 0.000000 0
31 35 0.000000 0
27 29 0.000000 0
27 14 0.000000 0
16 4 0.000000 0
35 8 0.000000 0
26 28 0.000000 0
27 25 0.000000 0
12 3 0.000000 0
5 29 0.000000 0
23 28 0.000000 0
9 22 0.000000 0
26 11 0.000000 0
11 0 0.000000 0
12 32 0.000000 0
17 29 0.000000 0
3 17 0.000000 0
4 22 0.000000 0
9 35 0.000000 0
17 2 0.000000 0
31 3 0.000000 0
26 12 0.000000 0
12 16 0.000000 0
12 5 0.000000 0
4 17 0.000000 0
16 13 0.000000 0
36 32 0.000000 0
25 14 0.000000 0
1 23 0.000000 0
34 18 0.000000 0
37 11 0.000000 0
30 15 0.000000 0
7 28 0.000000 0
11 18 0.000000 0
32 23 0.000000 0
10 17 0.000000 0
33 32 0.000000 0
35 19 0.000000 0
0 36 0.000000 0
0 32 0.000000 0
34 31 0.000000 0
33 23 0.000000 0
6 8 0.000000 0
11 20 0.000000 0
21 14 0.000000 0
27 2 0.000000 0
7 35 0.000000 0
36 33 0.000000 0
3 11 0.000000 0
9 28 0.000000 0
34 24 0.000000 0
11 20 0.000000 0
3 26 0.000000 0
23 16 0.000000 0
1 37 0.000000 0
19 26 0.000000 0
0 34 0.000000 0
7 10 0.000000 0
17 13 0.000000 0
3 22 0.000000 0
37 19 0.000000 0
27 30 0.000000 0
19 11 0.000000 0
19 12 0.000000 0
17 13 0.000000 0
29 32 0.000000 0
22 10 0.000000 0
13 17 0.000000 0
30 12 0.000000 0
5 31 0.000000 0
24 9 0.000000 0
8 14 0.000000 0
11 33 0.000000 0
19 30 0.000000 0
21 9 0.000000 0
7 17 0.000000 0
35 17 0.000000 0
37 8 0.000000 0
11 1 0.000000 0
14 22 0.000000 0
1 25 0.000000 0
24 33 0.000000 0
16 22 0.000000 0
4 20 0.000000 0
19 3 0.000000 0
26 26 0.000000 0
6 1 0.000000 0
34 0 0.000000 0
19 27 0.000000 0
33 19 0.000000 0
19 21 0.000000 0
13 23 0.000000 0
0 1 0.000000 0
21 5 0.000000 0
12 3 0.000000 0
28 7 0.000000 0
2 13 0.000000 0
31 25 0.000000 0
30 23 0.000000 0
9 18 0.000000 0
10 15 0.000000 0
36 7 0.000000 0
19 7 0.000000 0
2 6 0.000000 0
6 18 0.000000 0
29 25 0.000000 0
2 27 0.000000 0
15 36 0.000000 0
7 6 0.000000 0
4 15 0.000000 0
20 25 0.000000 0
36 1 0.000000 0
36 36 0.000000 0
0 1 0.000000 0
8 23 0.000000 0
12 14 0.000000 0
2 16 0.000000 0
6 32 0.000000 0
13 1 0.000000 0
5 21 0.000000 0
31 3 0.000000 0
35 1 0.000000 0
24 0 0.000000 0
21 0 0.000000 0
24 24 0.000000 0
23 15 0.000000 0
10 17 0.000000 0
1 1 0.000000 0
29 14 0.000000 0
3 19 0.000000 0
30 29 0.000000 0
7 26 0.000000 0
2 13 0.000000 0
11 12 0.000000 0
21 36 0.000000 0
16 37 0.000000 0
3 25 0.000000 0
22 27 0.000000 0
36 34 0.000000 0
6 37 0.000000 0
20 7 0.000000 0
15 31 0.000000 0
27 11 0.000000 0
18 22 0.000000 0
9 5 0.000000 0
2 21 0.000000 0
27 2 0.000000 0
31 24 0.000000 0
14 0 0.000000 0
28 7 0.000000 0
2 5 0.000000 0
26 36 0.000000 0
17 3 0.000000 0
37 21 0.000000 0
9 30 0.000000 0
17 11 0.000000 0
3 0 0.000000 0
14 9 0.000000 0
30 1 0.000000 0
4 8 0.000000 0
9 10 0.000000 0
5 36 0.000000 0
11 32 0.000000 0
27 9 0.000000 0
28 19 0.000000 0
33 14 0.000000 0
0 33 0.000000 0
22 25 0.000000 0
31 17 0.000000 0
19 37 0.000000 0
7 8 0.000000 0
1 30 0.000000 0
30 19 0.000000 0
3 8 0.000000 0
14 36 0.000000 0
17 32 0.000000 0
31 32 0.000000 0
7 32 0.000000 0
24 26 0.000000 0
26 23 0.000000 0
15 30 0.000000 0
13 31 0.000000 0
10 2 0.000000 0
17 21 0.000000 0
34 35 0.000000 0
31 14 0.000000 0
37 23 0.000000 0
1 30 0.000000 0
28 16 0.000000 0
12 21 0.000000 0
34 36 0.000000 0
21 11 0.000000 0
37 0 0.000000 0
13 17 0.000000 0
19 13 0.000000 0
1 23 0.000000 0
32 22 0.000000 0
18 23 0.000000 0
37 13 0.000000 0
22 26 0.000000 0
8 0 0.000000 0
25 21 0.000000 0
13 37 0.000000 0
19 12 0.000000 0
8 9 0.000000 0
33 26 0.000000 0
29 20 0.000000 0
32 1 0.000000 0
21 16 0.000000 0
27 17 0.000000 0
32 25 0.000000 0
13 28 0.000000 0
22 19 0.000000 0
30 0 0.000000 0
34 9 0.000000 0
14 20 0.000000 0
16 11 0.000000 0
19 21 0.000000 0
8 21 0.000000 0
10 10 0.000000 0
32 21 0.000000 0
16 34 0.000000 0
22 34 0.000000 0
21 27 0.000000 0
32 23 0.000000 0
14 15 0.000000 0
1 32 0.000000 0
30 13 0.000000 0
0 37 0.000000 0
24 25 0.000000 0
28 19 0.000000 0
35 36 0.000000 0
10 36 0.000000 0
27 36 0.000000 0
23 30 0.000000 0
27 23 0.000000 0
30 24 0.000000 0
7 32 0.000000 0
21 32 0.000000 0
18 34 0.000000 0
3 2 0.000000 0
26 15 0.000000 0
7 26 0.000000 0
0 31 0.000000 0
21 16 0.000000 0
21 22 0.000000 0
20 14 0.000000 0
8 21 0.000000 0
9 20 0.000000 0
9 16 0.000000 0
13 20 0.000000 0
37 24 0.000000 0
36 31 0.000000 0
12 9 0.000000 0
8 30 0.000000 0
29 29 0.000000 0
18 28 0.000000 0
10 36 0.000000 0
11 7 0.000000 0
7 32 0.000000 0
15 24 0.000000 0
3 23 0.000000 0
7 37 0.000000 0
15 12 0.000000 0
33 36 0.000000 0
29 27 0.000000 0
9 8 0.000000 0
19 34 0.000000 0
13 7 0.000000 0
6 30 0.000000 0
31 7 0.000000 0
0 27 0.000000 0
31 34 0.000000 0
33 28 0.000000 0
6 23 0.000000 0
26 14 0.000000 0
0 1 0.000000 0
17 20 0.000000 0
17 12 0.000000 0
17 34 0.000000 0
28 27 0.000000 0
25 27 0.000000 0
23 20 0.000000 0
21 15 0.000000 0
30 37 0.000000 0
16 26 0.000000 0
14 4 0.000000 0
13 21 0.000000 0
9 16 0.000000 0
28 12 0.000000 0
1 2 0.000000 0
14 28 0.000000 0
0 29 0.000000 0
15 12 0.000000 0
19 5 0.000000 0
9 21 0.000000 0
6 13 0.000000 0
27 5 0.000000 0
8 14 0.000000 0
1 20 0.000000 0
28 37 0.000000 0
6 14 0.000000 0
27 30 0.000000 0
30 7 0.000000 0
26 5 0.000000 0
21 30 0.000000 0
21 36 0.000000 0
24 25 0.000000 0
27 11 0.000000 0
31 12 0.000000 0
24 18 0.000000 0
36 2 0.000000 0
0 29 0.000000 0
32 37 0.000000 0
16 25 0.000000 0
21 25 0.000000 0
25 8 0.000000 0
21 10 0.000000 0
22 0 0.000000 0
37 9 0.000000 0
28 33 0.000000 0
3 32 0.000000 0
7 10 0.000000 0
20 20 0.000000 0
3 14 0.000000 0
6 13 0.000000 0
18 1 0.000000 0
28 0 0.000000 0
3 23 0.000000 0
28 0 0.000000 0
28 29 0.000000 0
24 10 0.000000 0
22 17 0.000000 0
28 0 0.000000 0
18 19 0.000000 0
11 3 0.000000 0
7 21 0.000000 0
11 27 0.000000 0
25 31 0.000000 0
18 21 0.000000 0
19 27 0.000000 0
32 29 0.000000 0
17 30 0.000000 0
13 20 0.000000 0
7 0 0.000000 0
37 27 0.000000 0
21 34 0.000000 0
22 23 0.000000 0
24 11 0.000000 0
26 7 0.000000 0
29 26 0.000000 0
17 37 0.000000 0
37 16 0.000000 0
15 7 0.000000 0
30 14 0.000000 0
21 30 0.000000 0
15 29 0.000000 0
30 14 0.000000 0
13 16 0.000000 0
27 20 0.000000 0
3 12 0.000000 0
6 7 0.000000 0
0 7 0.000000 0
25 22 0.000000 0
10 30 0.000000 0
33 13 0.000000 0
24 6 0.000000 0
6 37 0.000000 0
33 28 0.000000 0
33 34 0.000000 0
18 37 0.000000 0
7 5 0.000000 0
18 5 0.000000 0
23 8 0.000000 0
13 18 0.000000 0
18 30 0.000000 0
15 32 0.000000 0
20 0 0.000000 0
0 33 0.000000 0
13 6 0.000000 0
8 2 0.000000 0
31 10 0.000000 0
23 28 0.000000 0
1 29 0.000000 0
0 20 0.000000 0
8 1 0.000000 0
8 16 0.000000 0
14 14 0.000000 0
19 15 0.000000 0
30 6 0.000000 0
5.000000
