63 686
5 3
2 0 2 3 0 1 4 0 1 1 4 3 1 3 3 4 4 0 0 0 1 4 0 1 0 4 4 4 1 2 1 3 1 3 0 0 0 1 1 0 2 2 4 0 3 0 1 4 4 0 1 0 4 3 4 1 1 1 1 0 1 2 3 
50 8 1.100000 0
60 43 1.000000 0
57 35 1.010000 1
3 37 3.100000 0
61 14 2.310000 1
38 45 1.010000 1
16 45 4.000000 0
8 48 1.410000 1
56 20 1.100000 0
18 19 0.000000 0
15 4 4.020000 2
12 2 1.210000 1
34 57 0.110000 1
15 61 4.200000 0
46 59 1.020000 2
47 34 4.010000 1
39 49 0.010000 1
40 57 2.100000 0
60 51 1.020000 2
57 4 1.010000 1
55 20 1.120000 2
61 30 2.120000 2
48 0 4.200000 0
2 15 2.410000 1
57 61 1.210000 1
3 44 3.300000 0
53 20 3.120000 2
22 59 0.000000 0
40 54 2.410000 1
13 46 3.100000 0
5 39 1.020000 2
0 35 2.010000 1
59 20 0.110000 1
50 21 1.420000 2
37 15 1.420000 2
18 18 0.010000 1
34 6 0.410000 1
33 29 3.210000 1
25 4 4.010000 1
5 16 1.400000 0
51 19 0.010000 1
51 19 0.000000 0
17 14 0.310000 1
46 1 1.010000 1
28 37 1.110000 1
6 55 4.100000 0
26 24 4.000000 0
3 58 3.100000 0
38 18 1.020000 2
61 24 2.000000 0
7 10 0.420000 2
51 59 0.010000 1
7 14 0.300000 0
44 60 3.120000 2
39 23 0.100000 0
49 27 0.400000 0
13 53 3.300000 0
45 55 0.120000 2
42 28 4.100000 0
42 26 4.410000 1
58 32 1.100000 0
31 18 3.020000 2
23 25 1.420000 2
27 6 4.410000 1
32 43 1.000000 0
10 28 4.120000 2
43 39 0.010000 1
37 21 1.400000 0
25 1 4.010000 1
29 41 2.220000 2
57 37 1.120000 2
30 5 1.120000 2
60 26 1.420000 2
42 53 4.320000 2
19 20 0.120000 2
17 30 0.100000 0
43 10 0.400000 0
58 46 1.120000 2
1 6 0.400000 0
34 35 0.000000 0
28 27 1.410000 1
54 55 4.110000 1
33 52 3.400000 0
38 29 1.200000 0
48 48 4.400000 0
38 1 1.000000 0
56 42 1.400000 0
48 37 4.110000 1
62 37 3.120000 2
12 8 1.110000 1
4 36 0.020000 2
32 25 1.400000 0
62 58 3.120000 2
56 34 1.020000 2
39 19 0.000000 0
40 57 2.110000 1
10 48 4.420000 2
50 31 1.310000 1
12 31 1.320000 2
39 41 0.220000 2
40 45 2.020000 2
1 13 0.300000 0
19 12 0.120000 2
25 3 4.310000 1
58 42 1.420000 2
13 19 3.000000 0
31 28 3.110000 1
30 15 1.420000 2
62 26 3.410000 1
8 2 1.210000 1
20 41 1.220000 2
8 40 1.210000 1
18 60 0.120000 2
24 20 0.100000 0
1 15 0.410000 1
58 28 1.110000 1
44 57 3.100000 0
13 24 3.000000 0
16 22 4.000000 0
45 28 0.110000 1
53 48 3.410000 1
42 56 4.120000 2
43 10 0.400000 0
53 34 3.000000 0
5 36 1.010000 1
58 29 1.200000 0
5 11 1.300000 0
41 24 2.020000 2
28 38 1.110000 1
38 19 1.020000 2
51 7 0.000000 0
38 49 1.010000 1
3 28 3.120000 2
25 18 4.000000 0
5 21 1.410000 1
60 16 1.420000 2
16 22 4.010000 1
30 61 1.220000 2
3 26 3.400000 0
61 2 2.220000 2
19 51 0.000000 0
25 25 4.400000 0
23 28 1.120000 2
31 53 3.300000 0
9 56 1.110000 1
22 54 0.420000 2
0 5 2.110000 1
50 35 1.010000 1
60 38 1.100000 0
43 34 0.000000 0
43 53 0.320000 2
50 14 1.310000 1
44 37 3.100000 0
62 4 3.000000 0
35 13 0.300000 0
25 33 4.310000 1
34 32 0.100000 0
60 17 1.000000 0
22 14 0.300000 0
9 55 1.100000 0
60 35 1.020000 2
33 23 3.120000 2
31 2 3.220000 2
53 0 3.200000 0
3 33 3.320000 2
9 59 1.020000 2
4 30 0.110000 1
4 25 0.400000 0
52 38 4.100000 0
1 46 0.100000 0
55 25 1.410000 1
25 55 4.100000 0
46 37 1.120000 2
49 54 0.420000 2
47 12 4.120000 2
17 44 0.320000 2
13 44 3.310000 1
41 14 2.300000 0
4 1 0.010000 1
50 2 1.220000 2
44 55 3.100000 0
33 18 3.010000 1
54 1 4.000000 0
42 48 4.400000 0
18 32 0.110000 1
62 48 3.410000 1
50 59 1.010000 1
40 38 2.100000 0
34 40 0.210000 1
0 27 2.410000 1
14 6 3.410000 1
51 37 0.110000 1
20 27 1.400000 0
23 4 1.010000 1
16 22 4.010000 1
20 21 1.410000 1
4 6 0.410000 1
32 46 1.110000 1
9 17 1.000000 0
52 18 4.010000 1
30 30 1.110000 1
1 19 0.020000 2
51 37 0.100000 0
40 60 2.110000 1
12 13 1.320000 2
16 32 4.100000 0
4 36 0.000000 0
51 3 0.310000 1
10 12 4.120000 2
7 62 0.300000 0
27 29 4.200000 0
55 29 1.220000 2
55 17 1.000000 0
20 55 1.120000 2
49 4 0.010000 1
40 19 2.000000 0
49 21 0.400000 0
0 9 2.110000 1
61 19 2.010000 1
10 24 4.000000 0
40 49 2.010000 1
36 41 0.200000 0
50 31 1.300000 0
39 49 0.000000 0
21 36 4.010000 1
16 11 4.300000 0
44 58 3.100000 0
42 58 4.100000 0
42 55 4.120000 2
55 2 1.200000 0
3 41 3.210000 1
43 14 0.310000 1
47 1 4.000000 0
3 38 3.120000 2
15 59 4.000000 0
30 11 1.320000 2
0 53 2.310000 1
53 30 3.100000 0
51 9 0.110000 1
6 2 4.220000 2
43 5 0.110000 1
6 46 4.100000 0
7 28 0.120000 2
38 31 1.300000 0
54 47 4.420000 2
42 12 4.120000 2
42 10 4.410000 1
35 0 0.220000 2
21 52 4.420000 2
0 56 2.120000 2
44 36 3.010000 1
1 40 0.200000 0
37 48 1.410000 1
7 21 0.400000 0
16 12 4.100000 0
20 53 1.300000 0
34 32 0.110000 1
39 2 0.200000 0
11 23 3.120000 2
53 23 3.110000 1
35 2 0.220000 2
21 3 4.310000 1
50 38 1.120000 2
45 44 0.320000 2
9 60 1.110000 1
16 17 4.000000 0
37 50 1.100000 0
4 26 0.400000 0
32 35 1.020000 2
49 25 0.400000 0
57 60 1.100000 0
38 17 1.010000 1
60 4 1.010000 1
0 49 2.000000 0
25 57 4.120000 2
60 10 1.410000 1
24 46 0.100000 0
16 48 4.400000 0
10 17 4.020000 2
25 1 4.010000 1
1 58 0.120000 2
41 31 2.320000 2
19 27 0.400000 0
33 27 3.400000 0
31 52 3.410000 1
22 49 0.000000 0
32 8 1.120000 2
28 22 1.020000 2
47 32 4.120000 2
41 56 2.110000 1
58 57 1.100000 0
7 33 0.320000 2
37 50 1.120000 2
5 19 1.000000 0
21 48 4.400000 0
31 7 3.010000 1
48 37 4.120000 2
47 2 4.200000 0
30 48 1.410000 1
27 26 4.400000 0
26 19 4.010000 1
17 26 0.400000 0
38 61 1.200000 0
23 4 1.010000 1
36 25 0.410000 1
36 55 0.120000 2
20 38 1.110000 1
11 22 3.010000 1
25 50 4.110000 1
8 13 1.310000 1
45 39 0.020000 2
11 54 3.400000 0
11 28 3.110000 1
60 51 1.000000 0
1 22 0.000000 0
52 56 4.120000 2
48 14 4.310000 1
17 23 0.100000 0
50 48 1.400000 0
6 54 4.420000 2
48 34 4.000000 0
45 46 0.100000 0
6 55 4.120000 2
27 52 4.400000 0
51 52 0.420000 2
34 41 0.220000 2
9 24 1.020000 2
22 40 0.210000 1
56 27 1.400000 0
12 33 1.310000 1
44 16 3.400000 0
50 62 1.320000 2
45 5 0.100000 0
4 30 0.100000 0
14 17 3.010000 1
46 51 1.010000 1
9 61 1.220000 2
45 18 0.000000 0
44 9 3.100000 0
24 19 0.020000 2
58 0 1.200000 0
62 48 3.420000 2
49 29 0.200000 0
29 31 2.300000 0
57 45 1.020000 2
13 28 3.110000 1
6 36 4.020000 2
23 18 1.000000 0
18 60 0.110000 1
37 21 1.420000 2
27 15 4.410000 1
32 14 1.320000 2
37 62 1.320000 2
44 26 3.400000 0
21 20 4.100000 0
12 31 1.300000 0
53 37 3.110000 1
29 58 2.110000 1
24 11 0.300000 0
26 49 4.010000 1
49 11 0.310000 1
6 43 4.020000 2
12 16 1.420000 2
42 60 4.110000 1
43 16 0.410000 1
23 27 1.420000 2
30 17 1.010000 1
10 47 4.420000 2
7 6 0.400000 0
1 32 0.110000 1
14 16 3.410000 1
41 23 2.100000 0
17 33 0.320000 2
55 12 1.100000 0
54 53 4.300000 0
10 12 4.110000 1
58 42 1.400000 0
17 53 0.300000 0
32 58 1.100000 0
59 59 0.020000 2
7 8 0.110000 1
30 49 1.010000 1
31 3 3.310000 1
48 58 4.120000 2
58 49 1.000000 0
22 57 0.100000 0
11 52 3.410000 1
16 4 4.000000 0
2 37 2.110000 1
60 31 1.310000 1
21 39 4.010000 1
62 6 3.400000 0
0 35 2.020000 2
32 20 1.100000 0
12 13 1.300000 0
45 36 0.010000 1
25 45 4.000000 0
47 59 4.020000 2
58 62 1.300000 0
0 59 2.000000 0
2 15 2.400000 0
10 15 4.410000 1
4 13 0.300000 0
0 44 2.300000 0
53 54 3.410000 1
27 36 4.020000 2
58 59 1.010000 1
14 43 3.000000 0
38 38 1.120000 2
33 37 3.120000 2
60 39 1.010000 1
61 47 2.420000 2
5 51 1.000000 0
47 50 4.100000 0
44 38 3.100000 0
53 2 3.210000 1
34 58 0.100000 0
57 8 1.100000 0
16 44 4.300000 0
34 12 0.110000 1
49 10 0.420000 2
14 6 3.410000 1
53 12 3.100000 0
42 57 4.120000 2
13 37 3.110000 1
35 27 0.410000 1
31 59 3.020000 2
20 54 1.420000 2
53 5 3.110000 1
60 39 1.020000 2
40 23 2.110000 1
58 35 1.010000 1
59 25 0.420000 2
47 5 4.100000 0
20 16 1.410000 1
31 51 3.020000 2
44 19 3.020000 2
51 40 0.220000 2
2 30 2.120000 2
59 25 0.400000 0
2 3 2.300000 0
18 59 0.000000 0
38 53 1.320000 2
8 36 1.010000 1
33 56 3.100000 0
34 25 0.410000 1
58 4 1.000000 0
15 55 4.110000 1
25 56 4.100000 0
39 52 0.420000 2
28 54 1.420000 2
39 7 0.020000 2
24 45 0.020000 2
30 51 1.000000 0
42 21 4.420000 2
6 53 4.310000 1
22 48 0.400000 0
56 62 1.320000 2
1 24 0.010000 1
38 61 1.220000 2
38 27 1.400000 0
38 3 1.310000 1
35 25 0.420000 2
20 53 1.300000 0
41 32 2.110000 1
53 39 3.000000 0
26 59 4.020000 2
3 50 3.110000 1
35 50 0.110000 1
59 25 0.420000 2
8 61 1.200000 0
12 37 1.100000 0
20 7 1.020000 2
11 25 3.420000 2
54 1 4.010000 1
55 52 1.420000 2
44 15 3.400000 0
19 16 0.420000 2
56 50 1.110000 1
52 46 4.110000 1
49 52 0.420000 2
7 1 0.010000 1
30 20 1.120000 2
14 31 3.310000 1
50 22 1.020000 2
56 14 1.310000 1
37 59 1.020000 2
11 15 3.410000 1
38 7 1.010000 1
49 59 0.020000 2
23 43 1.010000 1
57 51 1.010000 1
1 16 0.400000 0
14 28 3.110000 1
51 16 0.400000 0
25 9 4.100000 0
53 44 3.320000 2
32 29 1.220000 2
46 22 1.020000 2
51 2 0.210000 1
47 26 4.410000 1
28 40 1.220000 2
14 53 3.300000 0
30 23 1.100000 0
56 24 1.010000 1
9 46 1.100000 0
16 20 4.120000 2
59 50 0.120000 2
50 33 1.310000 1
16 19 4.000000 0
29 4 2.000000 0
1 30 0.110000 1
30 44 1.310000 1
59 9 0.100000 0
38 2 1.210000 1
4 10 0.400000 0
58 24 1.000000 0
37 20 1.120000 2
46 7 1.010000 1
14 21 3.420000 2
45 49 0.010000 1
42 48 4.410000 1
14 16 3.410000 1
39 10 0.420000 2
22 46 0.120000 2
30 49 1.010000 1
19 44 0.310000 1
26 17 4.010000 1
22 61 0.200000 0
50 12 1.120000 2
35 55 0.100000 0
21 35 4.000000 0
36 49 0.020000 2
31 24 3.010000 1
34 46 0.100000 0
37 11 1.310000 1
50 28 1.110000 1
22 54 0.410000 1
15 12 4.120000 2
14 62 3.300000 0
34 32 0.120000 2
38 52 1.420000 2
29 25 2.400000 0
33 54 3.410000 1
46 23 1.110000 1
41 58 2.100000 0
22 45 0.000000 0
48 3 4.310000 1
25 18 4.010000 1
62 32 3.110000 1
47 3 4.310000 1
23 39 1.020000 2
34 6 0.410000 1
30 37 1.120000 2
49 18 0.020000 2
50 60 1.110000 1
61 19 2.020000 2
35 2 0.220000 2
0 26 2.400000 0
41 25 2.420000 2
16 7 4.010000 1
23 31 1.310000 1
18 2 0.220000 2
37 32 1.110000 1
46 17 1.020000 2
16 4 4.000000 0
44 0 3.210000 1
52 35 4.020000 2
62 34 3.010000 1
29 10 2.420000 2
26 26 4.400000 0
25 47 4.420000 2
1 0 0.220000 2
43 38 0.120000 2
60 19 1.010000 1
30 35 1.010000 1
60 14 1.310000 1
46 2 1.220000 2
31 1 3.000000 0
44 28 3.120000 2
17 54 0.410000 1
61 15 2.410000 1
9 16 1.420000 2
21 59 4.020000 2
3 56 3.100000 0
1 23 0.110000 1
0 20 2.110000 1
2 2 2.200000 0
35 31 0.320000 2
39 13 0.300000 0
53 30 3.120000 2
28 28 1.120000 2
50 38 1.100000 0
8 59 1.020000 2
2 60 2.100000 0
18 60 0.100000 0
2 60 2.110000 1
0 60 2.110000 1
62 32 3.120000 2
61 6 2.400000 0
24 59 0.020000 2
41 24 2.000000 0
8 10 1.400000 0
56 16 1.400000 0
35 19 0.010000 1
6 35 4.010000 1
62 37 3.120000 2
12 35 1.020000 2
23 32 1.100000 0
4 29 0.200000 0
60 53 1.310000 1
20 29 1.220000 2
8 37 1.110000 1
31 28 3.100000 0
50 61 1.210000 1
3 3 3.310000 1
17 2 0.220000 2
26 12 4.120000 2
34 35 0.020000 2
8 39 1.010000 1
52 34 4.000000 0
29 54 2.400000 0
26 61 4.220000 2
34 29 0.200000 0
58 16 1.420000 2
36 19 0.000000 0
49 34 0.020000 2
34 60 0.120000 2
54 30 4.110000 1
44 38 3.100000 0
0 25 2.410000 1
7 52 0.400000 0
43 16 0.410000 1
51 50 0.100000 0
22 43 0.020000 2
53 16 3.400000 0
23 2 1.220000 2
59 36 0.000000 0
41 25 2.400000 0
59 7 0.010000 1
51 5 0.100000 0
16 13 4.320000 2
32 54 1.400000 0
48 41 4.200000 0
28 0 1.210000 1
24 51 0.000000 0
38 12 1.120000 2
23 6 1.400000 0
5 47 1.420000 2
16 41 4.200000 0
2 29 2.210000 1
11 44 3.320000 2
8 13 1.300000 0
21 60 4.110000 1
44 21 3.410000 1
43 1 0.020000 2
31 58 3.110000 1
43 52 0.400000 0
49 17 0.000000 0
32 6 1.410000 1
10 3 4.310000 1
38 2 1.220000 2
19 16 0.410000 1
30 18 1.020000 2
27 62 4.300000 0
53 42 3.420000 2
38 9 1.110000 1
0 52 2.410000 1
46 37 1.110000 1
34 6 0.410000 1
37 14 1.300000 0
41 52 2.400000 0
53 8 3.120000 2
13 39 3.000000 0
55 1 1.020000 2
55 54 1.410000 1
55 29 1.210000 1
49 27 0.420000 2
30 10 1.410000 1
26 43 4.010000 1
31 17 3.020000 2
35 56 0.100000 0
41 47 2.410000 1
62 58 3.120000 2
38 50 1.100000 0
12 40 1.210000 1
5.000000
